27	27	116	117	128	129
27	27	118	119	128	129
27	27	115	115	129	129
27	27	115	115	130	130
27	27	116	117	130	131
27	27	118	118	130	130
27	27	119	119	130	130
27	27	115	115	131	131
27	27	118	118	131	131
27	27	116	116	132	132
27	27	117	117	132	132
27	27	118	118	132	132
28	28	116	116	127	127
28	28	117	117	127	127
28	28	118	118	127	127
28	28	115	115	128	128
28	28	116	117	128	129
28	28	118	119	128	129
28	28	115	115	129	129
28	28	115	115	130	130
28	28	116	117	130	131
28	28	118	118	130	130
28	28	119	119	130	130
28	28	115	115	131	131
28	28	118	118	131	131
28	28	115	115	132	132
28	28	116	116	132	132
28	28	117	117	132	132
28	28	118	118	132	132
29	29	115	115	127	127
29	29	116	116	127	127
29	29	117	117	127	127
29	29	118	118	127	127
29	29	115	115	128	128
29	29	116	117	128	129
29	29	118	119	128	129
29	29	115	115	129	129
29	29	115	115	130	130
29	29	116	117	130	131
29	29	118	118	130	130
29	29	119	119	130	130
29	29	115	115	131	131
29	29	118	118	131	131
29	29	115	115	132	132
29	29	116	116	132	132
29	29	117	117	132	132
29	29	118	118	132	132
30	30	115	115	127	127
30	30	116	116	127	127
30	30	117	117	127	127
30	30	118	118	127	127
30	30	114	115	128	129
30	30	116	117	128	129
30	30	118	119	128	129
30	30	114	115	130	131
30	30	116	117	130	131
30	30	118	118	130	130
30	30	119	119	130	130
30	30	118	118	131	131
30	30	114	114	132	132
30	30	115	115	132	132
30	30	116	116	132	132
30	30	117	117	132	132
30	30	118	118	132	132
31	31	114	114	127	127
31	31	115	115	127	127
31	31	116	116	127	127
31	31	117	117	127	127
31	31	118	118	127	127
31	31	114	115	128	129
31	31	116	117	128	129
31	31	118	119	128	129
31	31	114	115	130	131
31	31	116	117	130	131
31	31	118	118	130	130
31	31	119	119	130	130
31	31	118	118	131	131
31	31	114	114	132	132
31	31	115	115	132	132
31	31	116	116	132	132
31	31	117	117	132	132
31	31	118	118	132	132
32	32	114	114	127	127
32	32	115	115	127	127
32	32	116	116	127	127
32	32	117	117	127	127
32	32	118	118	127	127
32	32	114	115	128	129
32	32	116	117	128	129
32	32	118	119	128	129
32	32	114	115	130	131
32	32	116	117	130	131
32	32	118	118	130	130
32	32	119	119	130	130
32	32	118	118	131	131
32	32	114	115	132	133
32	32	116	116	132	132
32	32	117	117	132	132
32	32	118	118	132	132
32	32	116	116	133	133
33	33	114	114	127	127
33	33	115	115	127	127
33	33	116	116	127	127
33	33	117	117	127	127
33	33	118	118	127	127
33	33	114	115	128	129
33	33	116	117	128	129
33	33	118	119	128	129
33	33	113	113	129	129
33	33	113	113	130	130
33	33	114	115	130	131
33	33	116	117	130	131
33	33	118	118	130	130
33	33	119	119	130	130
33	33	113	113	131	131
33	33	118	118	131	131
33	33	113	113	132	132
33	33	114	115	132	133
33	33	116	116	132	132
33	33	117	117	132	132
33	33	118	118	132	132
33	33	116	116	133	133
34	34	114	114	127	127
34	34	115	115	127	127
34	34	116	116	127	127
34	34	117	117	127	127
34	34	118	118	127	127
34	34	114	115	128	129
34	34	116	117	128	129
34	34	118	119	128	129
34	34	113	113	129	129
34	34	113	113	130	130
34	34	114	115	130	131
34	34	116	117	130	131
34	34	118	118	130	130
34	34	119	119	130	130
34	34	113	113	131	131
34	34	118	118	131	131
34	34	113	113	132	132
34	34	114	115	132	133
34	34	116	117	132	133
34	34	118	118	132	132
34	34	113	113	133	133
35	35	113	113	127	127
35	35	114	114	127	127
35	35	115	115	127	127
35	35	116	116	127	127
35	35	117	117	127	127
35	35	118	118	127	127
35	35	113	113	128	128
35	35	114	115	128	129
35	35	116	117	128	129
35	35	118	118	128	128
35	35	113	113	129	129
35	35	118	118	129	129
35	35	113	113	130	130
35	35	114	115	130	131
35	35	116	117	130	131
35	35	118	118	130	130
35	35	113	113	131	131
35	35	118	118	131	131
35	35	113	113	132	132
35	35	114	115	132	133
35	35	116	117	132	133
35	35	118	118	132	132
35	35	113	113	133	133
36	36	113	113	127	127
36	36	114	114	127	127
36	36	115	115	127	127
36	36	116	116	127	127
36	36	117	117	127	127
36	36	118	118	127	127
36	36	113	113	128	128
36	36	114	115	128	129
36	36	116	117	128	129
36	36	118	118	128	128
36	36	112	112	129	129
36	36	113	113	129	129
36	36	118	118	129	129
36	36	112	113	130	131
36	36	114	115	130	131
36	36	116	117	130	131
36	36	118	118	130	130
36	36	118	118	131	131
36	36	112	113	132	133
36	36	114	115	132	133
36	36	116	117	132	133
36	36	118	118	132	132
37	37	113	113	127	127
37	37	114	114	127	127
37	37	115	115	127	127
37	37	116	116	127	127
37	37	117	117	127	127
37	37	112	115	128	131
37	37	116	117	128	129
37	37	118	118	128	128
37	37	118	118	129	129
37	37	116	117	130	131
37	37	118	118	130	130
37	37	118	118	131	131
37	37	112	113	132	133
37	37	114	115	132	133
37	37	116	117	132	133
37	37	118	118	132	132
38	38	113	113	126	126
38	38	114	115	126	127
38	38	113	113	127	127
38	38	116	116	127	127
38	38	117	117	127	127
38	38	112	115	128	131
38	38	116	117	128	129
38	38	118	118	129	129
38	38	116	117	130	131
38	38	118	118	130	130
38	38	118	118	131	131
38	38	112	113	132	133
38	38	114	115	132	133
38	38	116	117	132	133
39	39	113	113	126	126
39	39	114	115	126	127
39	39	113	113	127	127
39	39	116	116	127	127
39	39	117	117	127	127
39	39	111	111	128	128
39	39	112	115	128	131
39	39	116	117	128	129
39	39	111	111	129	129
39	39	111	111	130	130
39	39	116	117	130	131
39	39	111	111	131	131
39	39	111	111	132	132
39	39	112	113	132	133
39	39	114	115	132	133
39	39	116	117	132	133
39	39	111	111	133	133
40	40	113	113	126	126
40	40	114	115	126	127
40	40	111	111	127	127
40	40	112	112	127	127
40	40	113	113	127	127
40	40	116	116	127	127
40	40	111	111	128	128
40	40	112	115	128	131
40	40	116	117	128	129
40	40	111	111	129	129
40	40	111	111	130	130
40	40	116	117	130	131
40	40	111	111	131	131
40	40	111	111	132	132
40	40	112	113	132	133
40	40	114	115	132	133
40	40	116	117	132	133
40	40	111	111	133	133
41	41	113	113	126	126
41	41	114	115	126	127
41	41	111	111	127	127
41	41	112	112	127	127
41	41	113	113	127	127
41	41	116	116	127	127
41	41	111	111	128	128
41	41	112	115	128	131
41	41	116	116	128	128
41	41	111	111	129	129
41	41	116	116	129	129
41	41	117	117	129	129
41	41	110	111	130	131
41	41	116	117	130	131
41	41	110	110	132	132
41	41	111	111	132	132
41	41	112	113	132	133
41	41	114	115	132	133
41	41	116	116	132	132
41	41	117	117	132	132
41	41	111	111	133	133
41	41	116	116	133	133
41	41	112	112	134	134
41	41	113	113	134	134
41	41	114	114	134	134
42	42	113	113	126	126
42	42	114	115	126	127
42	42	111	111	127	127
42	42	112	112	127	127
42	42	113	113	127	127
42	42	116	116	127	127
42	42	111	111	128	128
42	42	112	115	128	131
42	42	116	116	128	128
42	42	111	111	129	129
42	42	116	116	129	129
42	42	117	117	129	129
42	42	110	111	130	131
42	42	116	117	130	131
42	42	110	110	132	132
42	42	111	111	132	132
42	42	112	113	132	133
42	42	114	115	132	133
42	42	116	116	132	132
42	42	111	111	133	133
42	42	116	116	133	133
42	42	112	112	134	134
42	42	113	113	134	134
42	42	114	114	134	134
43	43	113	113	126	126
43	43	114	115	126	127
43	43	111	111	127	127
43	43	112	112	127	127
43	43	113	113	127	127
43	43	111	111	128	128
43	43	112	115	128	131
43	43	116	116	128	128
43	43	110	110	129	129
43	43	111	111	129	129
43	43	116	116	129	129
43	43	110	111	130	131
43	43	116	116	130	130
43	43	116	116	131	131
43	43	110	111	132	133
43	43	112	113	132	133
43	43	114	115	132	133
43	43	116	116	132	132
43	43	110	110	134	134
43	43	111	111	134	134
43	43	112	112	134	134
43	43	113	113	134	134
43	43	114	114	134	134
44	44	113	113	126	126
44	44	114	115	126	127
44	44	111	111	127	127
44	44	112	112	127	127
44	44	113	113	127	127
44	44	110	111	128	129
44	44	112	115	128	131
44	44	116	116	128	128
44	44	116	116	129	129
44	44	110	111	130	131
44	44	116	116	130	130
44	44	116	116	131	131
44	44	110	111	132	133
44	44	112	113	132	133
44	44	114	115	132	133
44	44	116	116	132	132
44	44	110	110	134	134
44	44	111	111	134	134
44	44	112	112	134	134
44	44	113	113	134	134
44	44	114	114	134	134
45	45	111	111	127	127
45	45	112	112	127	127
45	45	113	113	127	127
45	45	114	114	127	127
45	45	110	111	128	129
45	45	112	115	128	131
45	45	116	116	128	128
45	45	116	116	129	129
45	45	109	109	130	130
45	45	110	111	130	131
45	45	116	116	130	130
45	45	109	109	131	131
45	45	116	116	131	131
45	45	109	109	132	132
45	45	110	111	132	133
45	45	112	113	132	133
45	45	114	115	132	133
45	45	109	109	133	133
45	45	110	110	134	134
45	45	111	111	134	134
45	45	112	112	134	134
45	45	113	113	134	134
45	45	114	114	134	134
46	46	111	111	127	127
46	46	112	112	127	127
46	46	113	113	127	127
46	46	114	114	127	127
46	46	110	111	128	129
46	46	112	115	128	131
46	46	109	109	129	129
46	46	109	109	130	130
46	46	110	111	130	131
46	46	109	109	131	131
46	46	109	109	132	132
46	46	110	111	132	133
46	46	112	113	132	133
46	46	114	115	132	133
46	46	109	109	133	133
46	46	109	109	134	134
46	46	110	110	134	134
46	46	111	111	134	134
46	46	112	112	134	134
46	46	113	113	134	134
46	46	114	114	134	134
47	47	111	111	127	127
47	47	112	112	127	127
47	47	113	113	127	127
47	47	114	114	127	127
47	47	109	109	128	128
47	47	110	111	128	129
47	47	112	115	128	131
47	47	109	109	129	129
47	47	109	109	130	130
47	47	110	111	130	131
47	47	109	109	131	131
47	47	109	109	132	132
47	47	110	111	132	133
47	47	112	113	132	133
47	47	114	115	132	133
47	47	109	109	133	133
47	47	109	109	134	134
47	47	110	110	134	134
47	47	111	111	134	134
47	47	112	112	134	134
47	47	113	113	134	134
47	47	114	114	134	134
48	48	109	109	128	128
48	48	110	111	128	129
48	48	112	113	128	129
48	48	114	114	128	128
48	48	109	109	129	129
48	48	114	114	129	129
48	48	109	109	130	130
48	48	110	111	130	131
48	48	112	113	130	131
48	48	114	115	130	131
48	48	109	109	131	131
48	48	109	109	132	132
48	48	110	111	132	133
48	48	112	113	132	133
48	48	114	114	132	132
48	48	115	115	132	132
48	48	109	109	133	133
48	48	114	114	133	133
48	48	109	109	134	134
48	48	110	110	134	134
48	48	111	111	134	134
48	48	112	112	134	134
48	48	113	113	134	134
48	48	114	114	134	134
49	49	109	109	128	128
49	49	110	111	128	129
49	49	112	113	128	129
49	49	114	114	128	128
49	49	109	109	129	129
49	49	114	114	129	129
49	49	109	109	130	130
49	49	110	111	130	131
49	49	112	113	130	131
49	49	114	114	130	130
49	49	109	109	131	131
49	49	114	114	131	131
49	49	109	109	132	132
49	49	110	111	132	133
49	49	112	113	132	133
49	49	114	114	132	132
49	49	109	109	133	133
49	49	114	114	133	133
49	49	109	109	134	134
49	49	110	110	134	134
49	49	111	111	134	134
49	49	112	112	134	134
49	49	113	113	134	134
49	49	114	114	134	134
50	50	109	109	128	128
50	50	110	111	128	129
50	50	112	113	128	129
50	50	114	114	128	128
50	50	108	108	129	129
50	50	109	109	129	129
50	50	114	114	129	129
50	50	108	109	130	131
50	50	110	111	130	131
50	50	112	113	130	131
50	50	114	114	130	130
50	50	114	114	131	131
50	50	108	109	132	133
50	50	110	111	132	133
50	50	112	113	132	133
50	50	114	114	132	132
50	50	114	114	133	133
50	50	109	109	134	134
50	50	110	110	134	134
50	50	111	111	134	134
50	50	112	112	134	134
50	50	113	113	134	134
51	51	109	109	128	128
51	51	110	111	128	129
51	51	112	113	128	129
51	51	108	108	129	129
51	51	109	109	129	129
51	51	108	109	130	131
51	51	110	111	130	131
51	51	112	113	130	131
51	51	114	114	130	130
51	51	114	114	131	131
51	51	108	109	132	133
51	51	110	111	132	133
51	51	112	113	132	133
51	51	114	114	132	132
51	51	109	109	134	134
51	51	110	110	134	134
51	51	111	111	134	134
51	51	112	112	134	134
52	52	109	109	127	127
52	52	110	110	127	127
52	52	111	111	127	127
52	52	108	111	128	131
52	52	112	113	128	129
52	52	112	113	130	131
52	52	108	109	132	133
52	52	110	111	132	133
52	52	112	113	132	133
52	52	108	108	134	134
52	52	109	109	134	134
52	52	110	110	134	134
52	52	111	111	134	134
52	52	112	112	134	134
53	53	109	109	127	127
53	53	110	110	127	127
53	53	111	111	127	127
53	53	108	111	128	131
53	53	112	113	128	129
53	53	107	107	129	129
53	53	107	107	130	130
53	53	112	113	130	131
53	53	107	107	131	131
53	53	107	107	132	132
53	53	108	109	132	133
53	53	110	111	132	133
53	53	112	113	132	133
53	53	107	107	133	133
53	53	108	108	134	134
53	53	109	109	134	134
53	53	110	110	134	134
53	53	111	111	134	134
53	53	112	112	134	134
54	54	109	109	127	127
54	54	110	110	127	127
54	54	111	111	127	127
54	54	108	111	128	131
54	54	112	113	128	129
54	54	107	107	129	129
54	54	107	107	130	130
54	54	112	113	130	131
54	54	107	107	131	131
54	54	107	107	132	132
54	54	108	109	132	133
54	54	110	111	132	133
54	54	112	113	132	133
54	54	107	107	133	133
54	54	108	108	134	134
54	54	109	109	134	134
54	54	110	110	134	134
54	54	111	111	134	134
55	55	109	109	127	127
55	55	110	110	127	127
55	55	111	111	127	127
55	55	108	111	128	131
55	55	112	113	128	129
55	55	107	107	129	129
55	55	107	107	130	130
55	55	112	113	130	131
55	55	107	107	131	131
55	55	107	107	132	132
55	55	108	111	132	135
55	55	112	112	132	132
55	55	113	113	132	132
55	55	107	107	133	133
55	55	112	112	133	133
55	55	107	107	134	134
55	55	107	107	135	135
56	56	109	109	127	127
56	56	110	110	127	127
56	56	111	111	127	127
56	56	108	111	128	131
56	56	112	112	128	128
56	56	107	107	129	129
56	56	112	112	129	129
56	56	113	113	129	129
56	56	106	107	130	131
56	56	112	113	130	131
56	56	106	107	132	133
56	56	108	111	132	135
56	56	112	112	132	132
56	56	113	113	132	132
56	56	112	112	133	133
56	56	106	106	134	134
56	56	107	107	134	134
56	56	107	107	135	135
57	57	109	109	127	127
57	57	110	110	127	127
57	57	111	111	127	127
57	57	107	107	128	128
57	57	108	111	128	131
57	57	112	112	128	128
57	57	106	106	129	129
57	57	107	107	129	129
57	57	112	112	129	129
57	57	113	113	129	129
57	57	106	107	130	131
57	57	112	113	130	131
57	57	106	107	132	133
57	57	108	111	132	135
57	57	112	112	132	132
57	57	112	112	133	133
57	57	106	106	134	134
57	57	107	107	134	134
57	57	107	107	135	135
58	58	109	109	127	127
58	58	110	110	127	127
58	58	111	111	127	127
58	58	107	107	128	128
58	58	108	111	128	131
58	58	112	112	128	128
58	58	106	106	129	129
58	58	107	107	129	129
58	58	112	112	129	129
58	58	113	113	129	129
58	58	106	107	130	131
58	58	112	113	130	131
58	58	106	107	132	133
58	58	108	111	132	135
58	58	112	112	132	132
58	58	112	112	133	133
58	58	106	106	134	134
58	58	107	107	134	134
58	58	107	107	135	135
59	59	109	109	127	127
59	59	110	110	127	127
59	59	111	111	127	127
59	59	106	107	128	129
59	59	108	111	128	131
59	59	105	105	129	129
59	59	112	112	129	129
59	59	105	105	130	130
59	59	106	107	130	131
59	59	112	112	130	130
59	59	105	105	131	131
59	59	112	112	131	131
59	59	105	105	132	132
59	59	106	107	132	133
59	59	108	111	132	135
59	59	112	112	132	132
59	59	105	105	133	133
59	59	112	112	133	133
59	59	105	105	134	134
59	59	106	107	134	135
59	59	106	106	136	136
59	59	107	107	136	136
59	59	108	108	136	136
60	60	106	107	128	129
60	60	108	111	128	131
60	60	105	105	129	129
60	60	105	105	130	130
60	60	106	107	130	131
60	60	105	105	131	131
60	60	105	105	132	132
60	60	106	107	132	133
60	60	108	111	132	135
60	60	105	105	133	133
60	60	105	105	134	134
60	60	106	107	134	135
60	60	106	106	136	136
60	60	107	107	136	136
60	60	108	108	136	136
61	61	105	105	128	128
61	61	106	107	128	129
61	61	108	111	128	131
61	61	105	105	129	129
61	61	105	105	130	130
61	61	106	107	130	131
61	61	105	105	131	131
61	61	105	105	132	132
61	61	106	107	132	133
61	61	108	111	132	135
61	61	105	105	133	133
61	61	105	105	134	134
61	61	106	107	134	135
61	61	106	106	136	136
61	61	107	107	136	136
61	61	108	108	136	136
62	62	105	105	128	128
62	62	106	107	128	129
62	62	108	111	128	131
62	62	105	105	129	129
62	62	104	105	130	131
62	62	106	107	130	131
62	62	104	104	132	132
62	62	105	105	132	132
62	62	106	107	132	133
62	62	108	109	132	133
62	62	110	111	132	133
62	62	105	105	133	133
62	62	105	105	134	134
62	62	106	107	134	135
62	62	108	109	134	135
62	62	110	110	134	134
62	62	105	105	135	135
62	62	110	110	135	135
62	62	105	105	136	136
62	62	106	106	136	136
62	62	107	107	136	136
62	62	108	108	136	136
63	63	106	106	127	127
63	63	107	107	127	127
63	63	108	108	127	127
63	63	105	105	128	128
63	63	106	107	128	129
63	63	108	111	128	131
63	63	104	104	129	129
63	63	105	105	129	129
63	63	104	105	130	131
63	63	106	107	130	131
63	63	104	105	132	133
63	63	106	107	132	133
63	63	108	109	132	133
63	63	110	111	132	133
63	63	104	104	134	134
63	63	105	105	134	134
63	63	106	107	134	135
63	63	108	109	134	135
63	63	110	110	134	134
63	63	105	105	135	135
63	63	110	110	135	135
63	63	105	105	136	136
63	63	106	106	136	136
63	63	107	107	136	136
63	63	108	108	136	136
64	64	106	106	127	127
64	64	107	107	127	127
64	64	108	108	127	127
64	64	105	105	128	128
64	64	106	107	128	129
64	64	108	109	128	129
64	64	110	110	128	128
64	64	104	104	129	129
64	64	105	105	129	129
64	64	110	110	129	129
64	64	111	111	129	129
64	64	104	105	130	131
64	64	106	107	130	131
64	64	108	109	130	131
64	64	110	111	130	131
64	64	104	107	132	135
64	64	108	109	132	133
64	64	110	110	132	132
64	64	111	111	132	132
64	64	110	110	133	133
64	64	108	109	134	135
64	64	110	110	134	134
64	64	110	110	135	135
64	64	105	105	136	136
64	64	106	106	136	136
64	64	107	107	136	136
64	64	108	108	136	136
65	65	106	106	127	127
65	65	107	107	127	127
65	65	108	108	127	127
65	65	105	105	128	128
65	65	106	107	128	129
65	65	108	109	128	129
65	65	110	110	128	128
65	65	104	104	129	129
65	65	105	105	129	129
65	65	110	110	129	129
65	65	104	105	130	131
65	65	106	107	130	131
65	65	108	109	130	131
65	65	110	111	130	131
65	65	103	103	131	131
65	65	103	103	132	132
65	65	104	107	132	135
65	65	108	109	132	133
65	65	110	110	132	132
65	65	111	111	132	132
65	65	103	103	133	133
65	65	110	110	133	133
65	65	108	109	134	135
65	65	110	110	134	134
65	65	110	110	135	135
65	65	105	105	136	136
65	65	106	106	136	136
65	65	107	107	136	136
65	65	108	108	136	136
66	66	106	106	127	127
66	66	107	107	127	127
66	66	108	108	127	127
66	66	105	105	128	128
66	66	106	107	128	129
66	66	108	109	128	129
66	66	110	110	128	128
66	66	103	103	129	129
66	66	104	104	129	129
66	66	105	105	129	129
66	66	110	110	129	129
66	66	103	103	130	130
66	66	104	105	130	131
66	66	106	107	130	131
66	66	108	109	130	131
66	66	110	110	130	130
66	66	103	103	131	131
66	66	110	110	131	131
66	66	103	103	132	132
66	66	104	107	132	135
66	66	108	109	132	133
66	66	110	110	132	132
66	66	103	103	133	133
66	66	110	110	133	133
66	66	103	103	134	134
66	66	108	109	134	135
66	66	110	110	134	134
66	66	110	110	135	135
66	66	104	105	136	137
66	66	106	107	136	137
66	66	108	108	136	136
67	67	106	106	127	127
67	67	107	107	127	127
67	67	108	108	127	127
67	67	104	107	128	131
67	67	108	109	128	129
67	67	110	110	128	128
67	67	103	103	129	129
67	67	110	110	129	129
67	67	103	103	130	130
67	67	108	109	130	131
67	67	110	110	130	130
67	67	103	103	131	131
67	67	110	110	131	131
67	67	103	103	132	132
67	67	104	107	132	135
67	67	108	109	132	133
67	67	110	110	132	132
67	67	103	103	133	133
67	67	110	110	133	133
67	67	103	103	134	134
67	67	108	109	134	135
67	67	103	103	135	135
67	67	104	105	136	137
67	67	106	107	136	137
67	67	108	108	136	136
68	68	106	106	127	127
68	68	107	107	127	127
68	68	108	108	127	127
68	68	104	107	128	131
68	68	108	109	128	129
68	68	103	103	129	129
68	68	103	103	130	130
68	68	108	109	130	131
68	68	110	110	130	130
68	68	103	103	131	131
68	68	110	110	131	131
68	68	102	103	132	133
68	68	104	107	132	135
68	68	108	109	132	133
68	68	110	110	132	132
68	68	110	110	133	133
68	68	102	102	134	134
68	68	103	103	134	134
68	68	108	109	134	135
68	68	103	103	135	135
68	68	104	105	136	137
68	68	106	107	136	137
68	68	108	108	136	136
69	69	106	106	127	127
69	69	107	107	127	127
69	69	108	108	127	127
69	69	104	107	128	131
69	69	108	108	128	128
69	69	103	103	129	129
69	69	108	108	129	129
69	69	109	109	129	129
69	69	102	103	130	131
69	69	108	109	130	131
69	69	110	110	130	130
69	69	110	110	131	131
69	69	102	103	132	133
69	69	104	107	132	135
69	69	108	109	132	133
69	69	110	110	132	132
69	69	110	110	133	133
69	69	102	102	134	134
69	69	103	103	134	134
69	69	108	108	134	134
69	69	109	109	134	134
69	69	103	103	135	135
69	69	108	108	135	135
69	69	103	103	136	136
69	69	104	105	136	137
69	69	106	107	136	137
69	69	108	108	136	136
70	70	104	107	128	131
70	70	108	108	128	128
70	70	102	102	129	129
70	70	103	103	129	129
70	70	108	108	129	129
70	70	109	109	129	129
70	70	102	103	130	131
70	70	108	109	130	131
70	70	110	110	130	130
70	70	110	110	131	131
70	70	101	101	132	132
70	70	102	103	132	133
70	70	104	107	132	135
70	70	108	109	132	133
70	70	110	110	132	132
70	70	101	101	133	133
70	70	101	101	134	134
70	70	102	103	134	135
70	70	108	108	134	134
70	70	109	109	134	134
70	70	108	108	135	135
70	70	103	103	136	136
70	70	104	105	136	137
70	70	106	107	136	137
70	70	108	108	136	136
71	71	104	107	128	131
71	71	108	108	128	128
71	71	102	102	129	129
71	71	103	103	129	129
71	71	108	108	129	129
71	71	109	109	129	129
71	71	102	103	130	131
71	71	108	109	130	131
71	71	101	101	132	132
71	71	102	103	132	133
71	71	104	107	132	135
71	71	108	109	132	133
71	71	101	101	133	133
71	71	101	101	134	134
71	71	102	103	134	135
71	71	108	108	134	134
71	71	109	109	134	134
71	71	101	101	135	135
71	71	108	108	135	135
71	71	101	101	136	136
71	71	102	102	136	136
71	71	103	103	136	136
71	71	104	105	136	137
71	71	106	107	136	137
72	72	103	103	128	128
72	72	104	105	128	129
72	72	106	106	128	128
72	72	102	102	129	129
72	72	103	103	129	129
72	72	106	106	129	129
72	72	107	107	129	129
72	72	108	108	129	129
72	72	101	101	130	130
72	72	102	103	130	131
72	72	104	105	130	131
72	72	106	107	130	131
72	72	108	108	130	130
72	72	101	101	131	131
72	72	108	108	131	131
72	72	109	109	131	131
72	72	101	101	132	132
72	72	102	103	132	133
72	72	104	107	132	135
72	72	108	109	132	133
72	72	101	101	133	133
72	72	101	101	134	134
72	72	102	103	134	135
72	72	108	108	134	134
72	72	101	101	135	135
72	72	108	108	135	135
72	72	101	101	136	136
72	72	102	102	136	136
72	72	103	103	136	136
72	72	104	105	136	137
72	72	106	107	136	137
72	72	103	103	137	137
73	73	103	103	128	128
73	73	104	105	128	129
73	73	106	106	128	128
73	73	102	102	129	129
73	73	103	103	129	129
73	73	106	106	129	129
73	73	107	107	129	129
73	73	108	108	129	129
73	73	101	101	130	130
73	73	102	103	130	131
73	73	104	105	130	131
73	73	106	107	130	131
73	73	108	108	130	130
73	73	101	101	131	131
73	73	108	108	131	131
73	73	109	109	131	131
73	73	101	101	132	132
73	73	102	103	132	133
73	73	104	107	132	135
73	73	108	109	132	133
73	73	101	101	133	133
73	73	101	101	134	134
73	73	102	103	134	135
73	73	108	108	134	134
73	73	101	101	135	135
73	73	108	108	135	135
73	73	101	101	136	136
73	73	102	102	136	136
73	73	103	103	136	136
73	73	104	105	136	137
73	73	106	106	136	136
73	73	107	107	136	136
73	73	103	103	137	137
74	74	103	103	128	128
74	74	104	105	128	129
74	74	102	102	129	129
74	74	103	103	129	129
74	74	106	106	129	129
74	74	107	107	129	129
74	74	108	108	129	129
74	74	101	101	130	130
74	74	102	103	130	131
74	74	104	105	130	131
74	74	106	107	130	131
74	74	108	108	130	130
74	74	101	101	131	131
74	74	108	108	131	131
74	74	100	101	132	133
74	74	102	103	132	133
74	74	104	107	132	135
74	74	108	108	132	132
74	74	108	108	133	133
74	74	100	100	134	134
74	74	101	101	134	134
74	74	102	103	134	135
74	74	108	108	134	134
74	74	101	101	135	135
74	74	108	108	135	135
74	74	101	101	136	136
74	74	102	102	136	136
74	74	103	103	136	136
74	74	104	105	136	137
74	74	106	106	136	136
74	74	107	107	136	136
74	74	103	103	137	137
75	75	103	103	128	128
75	75	104	105	128	129
75	75	102	102	129	129
75	75	103	103	129	129
75	75	106	106	129	129
75	75	107	107	129	129
75	75	101	101	130	130
75	75	102	103	130	131
75	75	104	105	130	131
75	75	106	107	130	131
75	75	101	101	131	131
75	75	100	101	132	133
75	75	102	103	132	133
75	75	104	107	132	135
75	75	100	100	134	134
75	75	101	101	134	134
75	75	102	103	134	135
75	75	101	101	135	135
75	75	101	101	136	136
75	75	102	102	136	136
75	75	103	103	136	136
75	75	104	105	136	137
75	75	106	106	136	136
75	75	103	103	137	137
76	76	103	103	128	128
76	76	104	105	128	129
76	76	101	101	129	129
76	76	102	102	129	129
76	76	103	103	129	129
76	76	106	106	129	129
76	76	107	107	129	129
76	76	101	101	130	130
76	76	102	103	130	131
76	76	104	105	130	131
76	76	106	107	130	131
76	76	100	100	131	131
76	76	101	101	131	131
76	76	100	101	132	133
76	76	102	103	132	133
76	76	104	107	132	135
76	76	100	100	134	134
76	76	101	101	134	134
76	76	102	103	134	135
76	76	101	101	135	135
76	76	101	101	136	136
76	76	102	102	136	136
76	76	103	103	136	136
76	76	104	105	136	137
76	76	106	106	136	136
76	76	103	103	137	137
77	77	103	103	128	128
77	77	104	105	128	129
77	77	101	101	129	129
77	77	102	102	129	129
77	77	103	103	129	129
77	77	106	106	129	129
77	77	101	101	130	130
77	77	102	103	130	131
77	77	104	105	130	131
77	77	106	106	130	130
77	77	100	100	131	131
77	77	101	101	131	131
77	77	106	106	131	131
77	77	107	107	131	131
77	77	100	101	132	133
77	77	102	103	132	133
77	77	104	105	132	133
77	77	106	107	132	133
77	77	100	100	134	134
77	77	101	101	134	134
77	77	102	103	134	135
77	77	104	105	134	135
77	77	106	106	134	134
77	77	107	107	134	134
77	77	101	101	135	135
77	77	106	106	135	135
77	77	101	101	136	136
77	77	102	102	136	136
77	77	103	103	136	136
77	77	104	105	136	137
77	77	106	106	136	136
77	77	103	103	137	137
78	78	103	103	128	128
78	78	104	105	128	129
78	78	101	101	129	129
78	78	102	102	129	129
78	78	103	103	129	129
78	78	106	106	129	129
78	78	101	101	130	130
78	78	102	103	130	131
78	78	104	105	130	131
78	78	106	106	130	130
78	78	100	100	131	131
78	78	101	101	131	131
78	78	106	106	131	131
78	78	100	103	132	135
78	78	104	105	132	133
78	78	106	106	132	132
78	78	106	106	133	133
78	78	104	105	134	135
78	78	106	106	134	134
78	78	106	106	135	135
78	78	101	101	136	136
78	78	102	102	136	136
78	78	103	103	136	136
78	78	104	105	136	137
78	78	106	106	136	136
78	78	103	103	137	137
79	79	101	101	129	129
79	79	102	102	129	129
79	79	103	103	129	129
79	79	104	104	129	129
79	79	105	105	129	129
79	79	106	106	129	129
79	79	101	101	130	130
79	79	102	103	130	131
79	79	104	105	130	131
79	79	106	106	130	130
79	79	99	99	131	131
79	79	100	100	131	131
79	79	101	101	131	131
79	79	106	106	131	131
79	79	99	99	132	132
79	79	100	103	132	135
79	79	104	105	132	133
79	79	106	106	132	132
79	79	99	99	133	133
79	79	106	106	133	133
79	79	104	105	134	135
79	79	106	106	134	134
79	79	101	101	136	136
79	79	102	102	136	136
79	79	103	103	136	136
79	79	104	104	136	136
79	79	105	105	136	136
80	80	100	103	128	131
80	80	104	104	129	129
80	80	105	105	129	129
80	80	106	106	129	129
80	80	104	105	130	131
80	80	106	106	130	130
80	80	99	99	131	131
80	80	106	106	131	131
80	80	99	99	132	132
80	80	100	103	132	135
80	80	104	105	132	133
80	80	99	99	133	133
80	80	99	99	134	134
80	80	104	105	134	135
80	80	99	99	135	135
80	80	102	102	136	136
80	80	103	103	136	136
80	80	104	104	136	136
80	80	105	105	136	136
81	81	100	103	128	131
81	81	104	104	129	129
81	81	105	105	129	129
81	81	106	106	129	129
81	81	104	105	130	131
81	81	106	106	130	130
81	81	99	99	131	131
81	81	106	106	131	131
81	81	99	99	132	132
81	81	100	103	132	135
81	81	104	105	132	133
81	81	99	99	133	133
81	81	98	99	134	135
81	81	104	105	134	135
81	81	98	98	136	136
81	81	99	99	136	136
81	81	100	100	136	136
81	81	101	101	136	136
81	81	102	102	136	136
81	81	103	103	136	136
81	81	104	104	136	136
82	82	100	103	128	131
82	82	104	104	129	129
82	82	105	105	129	129
82	82	106	106	129	129
82	82	104	105	130	131
82	82	106	106	130	130
82	82	99	99	131	131
82	82	106	106	131	131
82	82	99	99	132	132
82	82	100	103	132	135
82	82	104	105	132	133
82	82	99	99	133	133
82	82	98	99	134	135
82	82	104	104	134	134
82	82	105	105	134	134
82	82	104	104	135	135
82	82	98	98	136	136
82	82	99	99	136	136
82	82	100	100	136	136
82	82	101	101	136	136
82	82	102	102	136	136
82	82	103	103	136	136
82	82	104	104	136	136
83	83	100	103	128	131
83	83	104	104	129	129
83	83	99	99	130	130
83	83	104	105	130	131
83	83	98	98	131	131
83	83	99	99	131	131
83	83	98	99	132	133
83	83	100	103	132	135
83	83	104	105	132	133
83	83	98	99	134	135
83	83	104	104	134	134
83	83	105	105	134	134
83	83	104	104	135	135
83	83	98	98	136	136
83	83	99	99	136	136
83	83	100	100	136	136
83	83	101	101	136	136
83	83	102	102	136	136
83	83	103	103	136	136
84	84	100	103	128	131
84	84	99	99	129	129
84	84	104	104	129	129
84	84	99	99	130	130
84	84	104	104	130	130
84	84	98	98	131	131
84	84	99	99	131	131
84	84	104	104	131	131
84	84	97	97	132	132
84	84	98	99	132	133
84	84	100	103	132	135
84	84	104	104	132	132
84	84	97	97	133	133
84	84	104	104	133	133
84	84	97	97	134	134
84	84	98	99	134	135
84	84	104	104	134	134
84	84	97	97	135	135
84	84	104	104	135	135
84	84	98	98	136	136
84	84	99	99	136	136
84	84	100	101	136	137
84	84	102	102	136	136
84	84	103	103	136	136
84	84	99	99	137	137
84	84	102	102	137	137
85	85	100	103	128	131
85	85	99	99	129	129
85	85	98	99	130	131
85	85	104	104	130	130
85	85	97	97	131	131
85	85	104	104	131	131
85	85	97	97	132	132
85	85	98	99	132	133
85	85	100	103	132	135
85	85	104	104	132	132
85	85	97	97	133	133
85	85	104	104	133	133
85	85	97	97	134	134
85	85	98	99	134	135
85	85	104	104	134	134
85	85	97	97	135	135
85	85	104	104	135	135
85	85	97	97	136	136
85	85	98	99	136	137
85	85	100	101	136	137
85	85	102	102	136	136
85	85	103	103	136	136
85	85	102	102	137	137
86	86	100	103	128	131
86	86	99	99	129	129
86	86	98	99	130	131
86	86	104	104	130	130
86	86	97	97	131	131
86	86	104	104	131	131
86	86	97	97	132	132
86	86	98	99	132	133
86	86	100	103	132	135
86	86	104	104	132	132
86	86	97	97	133	133
86	86	104	104	133	133
86	86	97	97	134	134
86	86	98	99	134	135
86	86	97	97	135	135
86	86	97	97	136	136
86	86	98	99	136	137
86	86	100	101	136	137
86	86	102	102	136	136
86	86	103	103	136	136
86	86	97	97	137	137
86	86	102	102	137	137
86	86	98	98	138	138
86	86	99	99	138	138
86	86	100	100	138	138
86	86	101	101	138	138
87	87	99	99	129	129
87	87	100	100	129	129
87	87	101	101	129	129
87	87	102	102	129	129
87	87	98	99	130	131
87	87	100	101	130	131
87	87	102	103	130	131
87	87	104	104	130	130
87	87	97	97	131	131
87	87	104	104	131	131
87	87	97	97	132	132
87	87	98	99	132	133
87	87	100	103	132	135
87	87	104	104	132	132
87	87	97	97	133	133
87	87	104	104	133	133
87	87	97	97	134	134
87	87	98	99	134	135
87	87	97	97	135	135
87	87	97	97	136	136
87	87	98	99	136	137
87	87	100	101	136	137
87	87	102	102	136	136
87	87	103	103	136	136
87	87	97	97	137	137
87	87	102	102	137	137
87	87	98	98	138	138
87	87	99	99	138	138
87	87	100	100	138	138
87	87	101	101	138	138
88	88	97	97	129	129
88	88	98	98	129	129
88	88	99	99	129	129
88	88	100	100	129	129
88	88	101	101	129	129
88	88	102	102	129	129
88	88	97	97	130	130
88	88	98	99	130	131
88	88	100	101	130	131
88	88	102	103	130	131
88	88	97	97	131	131
88	88	97	97	132	132
88	88	98	99	132	133
88	88	100	103	132	135
88	88	97	97	133	133
88	88	96	97	134	135
88	88	98	99	134	135
88	88	96	97	136	137
88	88	98	99	136	137
88	88	100	101	136	137
88	88	102	102	136	136
88	88	103	103	136	136
88	88	102	102	137	137
88	88	97	97	138	138
88	88	98	98	138	138
88	88	99	99	138	138
88	88	100	100	138	138
88	88	101	101	138	138
89	89	97	97	129	129
89	89	98	98	129	129
89	89	99	99	129	129
89	89	100	100	129	129
89	89	101	101	129	129
89	89	102	102	129	129
89	89	97	97	130	130
89	89	98	99	130	131
89	89	100	101	130	131
89	89	102	102	130	130
89	89	97	97	131	131
89	89	102	102	131	131
89	89	103	103	131	131
89	89	96	99	132	135
89	89	100	103	132	135
89	89	96	97	136	137
89	89	98	99	136	137
89	89	100	101	136	137
89	89	102	102	136	136
89	89	103	103	136	136
89	89	102	102	137	137
89	89	97	97	138	138
89	89	98	98	138	138
89	89	99	99	138	138
89	89	100	100	138	138
89	89	101	101	138	138
90	90	97	97	129	129
90	90	98	98	129	129
90	90	99	99	129	129
90	90	100	100	129	129
90	90	101	101	129	129
90	90	102	102	129	129
90	90	97	97	130	130
90	90	98	99	130	131
90	90	100	101	130	131
90	90	102	102	130	130
90	90	96	96	131	131
90	90	97	97	131	131
90	90	102	102	131	131
90	90	103	103	131	131
90	90	96	99	132	135
90	90	100	103	132	135
90	90	95	95	133	133
90	90	95	95	134	134
90	90	95	95	135	135
90	90	96	97	136	137
90	90	98	99	136	137
90	90	100	101	136	137
90	90	102	102	136	136
90	90	102	102	137	137
90	90	96	96	138	138
90	90	97	97	138	138
90	90	98	98	138	138
90	90	99	99	138	138
90	90	100	100	138	138
90	90	101	101	138	138
91	91	96	96	129	129
91	91	97	97	129	129
91	91	98	98	129	129
91	91	99	99	129	129
91	91	100	100	129	129
91	91	101	101	129	129
91	91	96	97	130	131
91	91	98	99	130	131
91	91	100	101	130	131
91	91	102	102	130	130
91	91	102	102	131	131
91	91	103	103	131	131
91	91	96	99	132	135
91	91	100	103	132	135
91	91	95	95	133	133
91	91	95	95	134	134
91	91	95	95	135	135
91	91	95	95	136	136
91	91	96	97	136	137
91	91	98	99	136	137
91	91	100	101	136	137
91	91	102	102	136	136
91	91	95	95	137	137
91	91	102	102	137	137
91	91	95	95	138	138
91	91	96	96	138	138
91	91	97	97	138	138
91	91	98	99	138	139
91	91	100	100	138	138
91	91	101	101	138	138
91	91	97	97	139	139
91	91	97	97	140	140
91	91	98	99	140	141
91	91	97	97	141	141
92	92	96	96	129	129
92	92	97	97	129	129
92	92	98	98	129	129
92	92	99	99	129	129
92	92	100	100	129	129
92	92	101	101	129	129
92	92	96	97	130	131
92	92	98	99	130	131
92	92	100	101	130	131
92	92	102	102	130	130
92	92	95	95	131	131
92	92	102	102	131	131
92	92	103	103	131	131
92	92	95	95	132	132
92	92	96	99	132	135
92	92	100	103	132	135
92	92	95	95	133	133
92	92	95	95	134	134
92	92	95	95	135	135
92	92	95	95	136	136
92	92	96	99	136	139
92	92	100	101	136	137
92	92	102	102	136	136
92	92	95	95	137	137
92	92	102	102	137	137
92	92	95	95	138	138
92	92	100	100	138	138
92	92	101	101	138	138
92	92	95	95	139	139
92	92	96	96	140	140
92	92	97	97	140	140
92	92	98	99	140	141
92	92	97	97	141	141
93	93	96	96	129	129
93	93	97	97	129	129
93	93	98	98	129	129
93	93	99	99	129	129
93	93	100	100	129	129
93	93	101	101	129	129
93	93	96	97	130	131
93	93	98	99	130	131
93	93	100	101	130	131
93	93	102	102	130	130
93	93	95	95	131	131
93	93	102	102	131	131
93	93	103	103	131	131
93	93	95	95	132	132
93	93	96	99	132	135
93	93	100	103	132	135
93	93	95	95	133	133
93	93	95	95	134	134
93	93	95	95	135	135
93	93	95	95	136	136
93	93	96	99	136	139
93	93	100	101	136	137
93	93	102	102	136	136
93	93	95	95	137	137
93	93	102	102	137	137
93	93	95	95	138	138
93	93	100	101	138	139
93	93	95	95	139	139
93	93	95	95	140	140
93	93	96	96	140	140
93	93	97	97	140	140
93	93	98	99	140	141
93	93	97	97	141	141
94	94	96	96	129	129
94	94	97	97	129	129
94	94	98	98	129	129
94	94	99	99	129	129
94	94	100	100	129	129
94	94	101	101	129	129
94	94	96	97	130	131
94	94	98	99	130	131
94	94	100	101	130	131
94	94	102	102	130	130
94	94	95	95	131	131
94	94	102	102	131	131
94	94	103	103	131	131
94	94	95	95	132	132
94	94	96	99	132	135
94	94	100	103	132	135
94	94	95	95	133	133
94	94	95	95	134	134
94	94	95	95	135	135
94	94	95	95	136	136
94	94	96	99	136	139
94	94	100	101	136	137
94	94	102	102	136	136
94	94	93	93	137	137
94	94	94	94	137	137
94	94	95	95	137	137
94	94	102	102	137	137
94	94	93	93	138	138
94	94	94	95	138	139
94	94	100	101	138	139
94	94	93	93	139	139
94	94	95	95	140	140
94	94	96	96	140	140
94	94	97	97	140	140
94	94	98	99	140	141
94	94	97	97	141	141
95	95	97	97	127	127
95	95	98	98	127	127
95	95	99	99	127	127
95	95	97	97	128	128
95	95	98	99	128	129
95	95	96	96	129	129
95	95	97	97	129	129
95	95	100	100	129	129
95	95	101	101	129	129
95	95	96	97	130	131
95	95	98	99	130	131
95	95	100	101	130	131
95	95	102	102	130	130
95	95	94	94	131	131
95	95	95	95	131	131
95	95	102	102	131	131
95	95	103	103	131	131
95	95	94	95	132	133
95	95	96	99	132	135
95	95	100	101	132	133
95	95	102	103	132	133
95	95	95	95	134	134
95	95	100	101	134	135
95	95	102	102	134	134
95	95	95	95	135	135
95	95	102	102	135	135
95	95	103	103	135	135
95	95	94	95	136	137
95	95	96	99	136	139
95	95	100	101	136	137
95	95	102	103	136	137
95	95	93	93	137	137
95	95	93	93	138	138
95	95	94	95	138	139
95	95	100	101	138	139
95	95	93	93	139	139
95	95	95	95	140	140
95	95	96	96	140	140
95	95	97	97	140	140
95	95	98	99	140	141
95	95	97	97	141	141
96	96	97	97	127	127
96	96	98	98	127	127
96	96	99	99	127	127
96	96	97	97	128	128
96	96	98	99	128	129
96	96	96	96	129	129
96	96	97	97	129	129
96	96	100	100	129	129
96	96	96	97	130	131
96	96	98	99	130	131
96	96	100	101	130	131
96	96	102	102	130	130
96	96	94	94	131	131
96	96	95	95	131	131
96	96	102	102	131	131
96	96	103	103	131	131
96	96	94	95	132	133
96	96	96	99	132	135
96	96	100	103	132	135
96	96	94	95	134	135
96	96	94	95	136	137
96	96	96	99	136	139
96	96	100	101	136	137
96	96	102	103	136	137
96	96	93	93	137	137
96	96	93	93	138	138
96	96	94	95	138	139
96	96	100	101	138	139
96	96	93	93	139	139
96	96	95	95	140	140
96	96	96	96	140	140
96	96	97	97	140	140
96	96	98	99	140	141
96	96	97	97	141	141
97	97	97	97	127	127
97	97	98	98	127	127
97	97	99	99	127	127
97	97	97	97	128	128
97	97	98	99	128	129
97	97	96	96	129	129
97	97	97	97	129	129
97	97	100	100	129	129
97	97	95	95	130	130
97	97	96	97	130	131
97	97	98	99	130	131
97	97	100	101	130	131
97	97	102	102	130	130
97	97	94	94	131	131
97	97	95	95	131	131
97	97	102	102	131	131
97	97	103	103	131	131
97	97	94	95	132	133
97	97	96	99	132	135
97	97	100	103	132	135
97	97	93	93	134	134
97	97	94	95	134	135
97	97	93	93	135	135
97	97	93	93	136	136
97	97	94	95	136	137
97	97	96	99	136	139
97	97	100	101	136	137
97	97	102	103	136	137
97	97	93	93	137	137
97	97	93	93	138	138
97	97	94	95	138	139
97	97	100	101	138	139
97	97	93	93	139	139
97	97	95	95	140	140
97	97	96	97	140	141
97	97	98	99	140	141
98	98	97	97	127	127
98	98	98	98	127	127
98	98	99	99	127	127
98	98	97	97	128	128
98	98	98	99	128	129
98	98	97	97	129	129
98	98	100	100	129	129
98	98	95	95	130	130
98	98	96	97	130	131
98	98	98	99	130	131
98	98	100	101	130	131
98	98	94	94	131	131
98	98	95	95	131	131
98	98	94	95	132	133
98	98	96	99	132	135
98	98	100	103	132	135
98	98	93	93	134	134
98	98	94	95	134	135
98	98	93	93	135	135
98	98	93	93	136	136
98	98	94	95	136	137
98	98	96	99	136	139
98	98	100	101	136	137
98	98	102	103	136	137
98	98	93	93	137	137
98	98	93	93	138	138
98	98	94	95	138	139
98	98	100	101	138	139
98	98	93	93	139	139
98	98	94	95	140	141
98	98	96	97	140	141
98	98	98	98	140	140
98	98	99	99	140	140
98	98	98	98	141	141
99	99	97	97	127	127
99	99	98	98	127	127
99	99	99	99	127	127
99	99	97	97	128	128
99	99	98	99	128	129
99	99	97	97	129	129
99	99	95	95	130	130
99	99	96	97	130	131
99	99	98	99	130	131
99	99	100	101	130	131
99	99	94	94	131	131
99	99	95	95	131	131
99	99	94	95	132	133
99	99	96	99	132	135
99	99	100	103	132	135
99	99	93	93	134	134
99	99	94	95	134	135
99	99	93	93	135	135
99	99	93	93	136	136
99	99	94	95	136	137
99	99	96	99	136	139
99	99	100	101	136	137
99	99	102	103	136	137
99	99	93	93	137	137
99	99	93	93	138	138
99	99	94	95	138	139
99	99	100	101	138	139
99	99	93	93	139	139
99	99	94	95	140	141
99	99	96	97	140	141
99	99	98	98	140	140
99	99	99	99	140	140
99	99	98	98	141	141
100	100	97	97	127	127
100	100	98	98	127	127
100	100	99	99	127	127
100	100	97	97	128	128
100	100	98	99	128	129
100	100	97	97	129	129
100	100	95	95	130	130
100	100	96	97	130	131
100	100	98	99	130	131
100	100	94	94	131	131
100	100	95	95	131	131
100	100	100	100	131	131
100	100	101	101	131	131
100	100	94	95	132	133
100	100	96	99	132	135
100	100	100	103	132	135
100	100	93	93	134	134
100	100	94	95	134	135
100	100	93	93	135	135
100	100	93	93	136	136
100	100	94	95	136	137
100	100	96	99	136	139
100	100	100	101	136	137
100	100	102	103	136	137
100	100	93	93	137	137
100	100	92	93	138	139
100	100	94	95	138	139
100	100	100	101	138	139
100	100	92	92	140	140
100	100	93	93	140	140
100	100	94	95	140	141
100	100	96	97	140	141
100	100	98	98	140	140
100	100	98	98	141	141
101	101	97	97	127	127
101	101	98	98	127	127
101	101	99	99	127	127
101	101	97	97	128	128
101	101	98	99	128	129
101	101	97	97	129	129
101	101	95	95	130	130
101	101	96	97	130	131
101	101	98	99	130	131
101	101	92	92	131	131
101	101	93	93	131	131
101	101	94	94	131	131
101	101	95	95	131	131
101	101	100	100	131	131
101	101	101	101	131	131
101	101	92	93	132	133
101	101	94	95	132	133
101	101	96	99	132	135
101	101	100	103	132	135
101	101	93	93	134	134
101	101	94	95	134	135
101	101	93	93	135	135
101	101	93	93	136	136
101	101	94	95	136	137
101	101	96	99	136	139
101	101	100	101	136	137
101	101	102	103	136	137
101	101	93	93	137	137
101	101	92	93	138	139
101	101	94	95	138	139
101	101	100	100	138	138
101	101	100	100	139	139
101	101	92	92	140	140
101	101	93	93	140	140
101	101	94	95	140	141
101	101	96	97	140	141
101	101	98	98	140	140
101	101	98	98	141	141
102	102	95	95	130	130
102	102	96	97	130	131
102	102	98	98	130	130
102	102	92	92	131	131
102	102	93	93	131	131
102	102	94	94	131	131
102	102	95	95	131	131
102	102	98	98	131	131
102	102	99	99	131	131
102	102	100	100	131	131
102	102	92	93	132	133
102	102	94	95	132	133
102	102	96	99	132	135
102	102	100	101	132	133
102	102	102	103	132	133
102	102	93	93	134	134
102	102	94	95	134	135
102	102	100	100	134	134
102	102	101	101	134	134
102	102	102	102	134	134
102	102	103	103	134	134
102	102	93	93	135	135
102	102	100	100	135	135
102	102	93	93	136	136
102	102	94	95	136	137
102	102	96	99	136	139
102	102	100	100	136	136
102	102	93	93	137	137
102	102	100	100	137	137
102	102	92	93	138	139
102	102	94	95	138	139
102	102	100	100	138	138
102	102	100	100	139	139
102	102	92	92	140	140
102	102	93	93	140	140
102	102	94	95	140	141
102	102	96	97	140	141
102	102	98	98	140	140
102	102	98	98	141	141
103	103	95	95	130	130
103	103	96	97	130	131
103	103	92	92	131	131
103	103	93	93	131	131
103	103	94	94	131	131
103	103	95	95	131	131
103	103	98	98	131	131
103	103	99	99	131	131
103	103	100	100	131	131
103	103	92	93	132	133
103	103	94	95	132	133
103	103	96	99	132	135
103	103	100	100	132	132
103	103	100	100	133	133
103	103	93	93	134	134
103	103	94	95	134	135
103	103	100	100	134	134
103	103	91	91	135	135
103	103	92	92	135	135
103	103	93	93	135	135
103	103	100	100	135	135
103	103	91	91	136	136
103	103	92	95	136	139
103	103	96	99	136	139
103	103	100	100	136	136
103	103	91	91	137	137
103	103	100	100	137	137
103	103	100	100	138	138
103	103	100	100	139	139
103	103	92	92	140	140
103	103	93	93	140	140
103	103	94	95	140	141
103	103	96	97	140	141
103	103	98	98	140	140
103	103	98	98	141	141
104	104	94	94	129	129
104	104	95	95	129	129
104	104	96	96	129	129
104	104	94	95	130	131
104	104	96	96	130	130
104	104	92	92	131	131
104	104	93	93	131	131
104	104	96	96	131	131
104	104	97	97	131	131
104	104	98	98	131	131
104	104	92	93	132	133
104	104	94	95	132	133
104	104	96	97	132	133
104	104	98	98	132	132
104	104	98	98	133	133
104	104	99	99	133	133
104	104	93	93	134	134
104	104	94	95	134	135
104	104	96	97	134	135
104	104	98	99	134	135
104	104	91	91	135	135
104	104	92	92	135	135
104	104	93	93	135	135
104	104	91	91	136	136
104	104	92	95	136	139
104	104	96	99	136	139
104	104	91	91	137	137
104	104	100	100	137	137
104	104	100	100	138	138
104	104	100	100	139	139
104	104	92	92	140	140
104	104	93	93	140	140
104	104	94	95	140	141
104	104	96	96	140	140
104	104	96	96	141	141
105	105	94	94	129	129
105	105	95	95	129	129
105	105	96	96	129	129
105	105	94	95	130	131
105	105	96	96	130	130
105	105	92	92	131	131
105	105	93	93	131	131
105	105	96	96	131	131
105	105	92	93	132	133
105	105	94	95	132	133
105	105	96	97	132	133
105	105	98	98	132	132
105	105	98	98	133	133
105	105	93	93	134	134
105	105	94	95	134	135
105	105	96	97	134	135
105	105	98	98	134	134
105	105	91	91	135	135
105	105	92	92	135	135
105	105	93	93	135	135
105	105	98	98	135	135
105	105	91	91	136	136
105	105	92	95	136	139
105	105	96	99	136	139
105	105	91	91	137	137
105	105	100	100	137	137
105	105	100	100	138	138
105	105	100	100	139	139
105	105	92	92	140	140
105	105	93	93	140	140
105	105	94	94	140	140
106	106	94	94	129	129
106	106	95	95	129	129
106	106	96	96	129	129
106	106	94	95	130	131
106	106	96	96	130	130
106	106	92	92	131	131
106	106	93	93	131	131
106	106	96	96	131	131
106	106	92	93	132	133
106	106	94	95	132	133
106	106	96	96	132	132
106	106	96	96	133	133
106	106	97	97	133	133
106	106	98	98	133	133
106	106	93	93	134	134
106	106	94	95	134	135
106	106	96	97	134	135
106	106	98	98	134	134
106	106	91	91	135	135
106	106	92	92	135	135
106	106	93	93	135	135
106	106	98	98	135	135
106	106	91	91	136	136
106	106	92	95	136	139
106	106	96	99	136	139
106	106	91	91	137	137
106	106	100	100	137	137
106	106	100	100	138	138
106	106	100	100	139	139
106	106	92	92	140	140
106	106	93	93	140	140
106	106	94	94	140	140
107	107	94	94	129	129
107	107	95	95	129	129
107	107	96	96	129	129
107	107	94	95	130	131
107	107	96	96	130	130
107	107	92	92	131	131
107	107	93	93	131	131
107	107	96	96	131	131
107	107	92	93	132	133
107	107	94	95	132	133
107	107	96	96	133	133
107	107	97	97	133	133
107	107	93	93	134	134
107	107	94	95	134	135
107	107	96	97	134	135
107	107	91	91	135	135
107	107	92	92	135	135
107	107	93	93	135	135
107	107	98	98	135	135
107	107	91	91	136	136
107	107	92	93	136	137
107	107	94	95	136	137
107	107	96	97	136	137
107	107	98	98	136	136
107	107	91	91	137	137
107	107	98	98	137	137
107	107	93	93	138	138
107	107	94	95	138	139
107	107	96	96	138	138
107	107	93	93	139	139
107	107	96	96	139	139
108	108	94	94	129	129
108	108	95	95	129	129
108	108	96	96	129	129
108	108	94	95	130	131
108	108	96	96	130	130
108	108	96	96	131	131
108	108	93	93	132	132
108	108	94	95	132	133
108	108	93	93	133	133
108	108	96	96	133	133
108	108	93	93	134	134
108	108	94	95	134	135
108	108	96	96	134	134
108	108	91	91	135	135
108	108	92	92	135	135
108	108	93	93	135	135
108	108	96	96	135	135
108	108	91	91	136	136
108	108	92	93	136	137
108	108	94	95	136	137
108	108	91	91	137	137
108	108	93	93	138	138
108	108	94	94	138	138
108	108	95	95	138	138
109	109	94	94	129	129
109	109	95	95	129	129
109	109	96	96	129	129
109	109	94	95	130	131
109	109	96	96	130	130
109	109	96	96	131	131
109	109	93	93	132	132
109	109	94	95	132	133
109	109	93	93	133	133
109	109	93	93	134	134
109	109	94	94	134	134
109	109	95	95	134	134
109	109	91	91	135	135
109	109	92	92	135	135
109	109	93	93	135	135
109	109	91	91	136	136
109	109	92	93	136	137
109	109	91	91	137	137
110	110	94	94	129	129
110	110	95	95	129	129
110	110	96	96	129	129
110	110	94	95	130	131
110	110	96	96	130	130
110	110	96	96	131	131
110	110	93	93	132	132
110	110	94	95	132	133
110	110	93	93	133	133
110	110	93	93	134	134
110	110	94	94	134	134
110	110	95	95	134	134
111	111	93	93	132	132
111	111	94	95	132	133
111	111	93	93	133	133
111	111	93	93	134	134
111	111	94	94	134	134
111	111	95	95	134	134
112	112	93	93	132	132
112	112	94	95	132	133
112	112	93	93	133	133
112	112	93	93	134	134
112	112	94	94	134	134
112	112	95	95	134	134